002169637
002176707
002176706
002176705
002176704
002176703
002176702
002196575
002176701
001662442
002176700
001662441
002176699
002176698
002176697
001662440
002176696
002137066
001662439
002176695
002176694
001671339
002176693
002176692
002176691
002176690
002176689
002176688
002176687
002176686
002196571
002169669
004195871
002169668
002169667
002169666
001662438
002169665
002169664
002169671
001662437
002169670
002169655
002169654
002169663
002169662
002169656
002169653
002169652
002169651
002169650
002169646
002169645
001742079
002169644
002169642
002169643
002169641
002169640
001662436
002196572
002169639
002169638
002169673
002169145
001662443
002137081
002169146
001662435
001662434
002169144
002137045
002169143
002169142
001662433
002169141
002169140
002169139
002169138
002169137
002169135
002164999
001681015
002164997
002164996
002164992
002164991
001662432
001662431
002164989
002164990
002164988
002164987
002164986
002164680
002138485
002164985
001662430
002164984
002164983
001662429
002164982
002164981
002164980
002164979
001662427
001662428
002164977
002164978
002169676
002039163
002164975
001662426
002169636
002164974
002169130
002164973
002164972
002164971
002164969
002164970
002164968
002164967
002164966
002164693
002164692
002164691
002164690
002164689
002164688
002164687
002119547
002164686
002164685
002164684
002164683
002164682
002164681
002164679
002164678
002164674
002164673
001662422
002169131
002164544
002164543
002164675
002164542
002164541
002164676
002169647
002164540
002160538
002164539
002164538
002130257
001742076
001662421
002160503
002164537
001694849
002160537
002160536
001662420
002133866
002160535
002160504
002160534
002164546
002160533
002160532
002160531
002160528
001662419
001662418
002160527
002160526
002160525
002160524
002164994
001662417
002164993
002169136
002160522
002160521
001681019
001658320
001658319
002160529
002160520
002160519
002164642
002160518
002160517
002160515
002160516
002160514
002160513
002160512
002160511
002160509
002160510
002158024
002158023
002158022
002164995
002160506
002158021
002158020
002160505
002158019
002158018
002158017
002158016
002158015
001658317
002158013
002158014
002196574
002138486
002169134
001654893
002169635
002169133
002158012
001651316
002158011
002158010
001651315
002158009
002156501
001654890
002156500
002156498
002156499
002147966
002156497
002156495
002156496
002156494
002160508
002156493
002156492
002156491
002156490
002156489
002169674
002156488
002156487
002156024
002156023
002156022
004196853
002156021
002164545
002156020
001651314
001654891
002156019
002169634
002156018
001651313
002156014
002156017
001681014
002169677
002160523
001654889
002156016
003815980
001651311
002156015
001650941
002156486
002156485
002039165
002169675
002156484
002156483
002156040
002156039
001650939
002156038
002156037
002156036
002156035
002156034
002169672
002156012
002148003
001650937
002148002
001650936
002148005
002148004
002148006
002148001
002148000
001650935
002156013
002147999
002156033
001650921
002147988
002147986
001650931
001681013
001650927
002147997
002147996
002147998
002147995
002138487
002147994
002147993
001695538
002156028
002147992
001671337
002147991
002147990
002147989
002156502
002147987
001671336
001681016
002147985
001650918
002147984
002147983
001650915
001650938
002147981
001654892
002147980
002147979
002147978
002147977
002147976
002147974
002169633
002176685
002147973
001658318
002147975
002147972
002147970
002147968
002147967
002147965
002147971
002147969
002147964
002169648
002143908
002143907
002143906
002143905
002147963
002147962
002138490
002143903
002143904
002143902
001681017
001658321
002147961
002160415
002143910
002133862
002143900
002143901
002143899
002143898
002143897
001681012
002143896
002143895
002143894
001646085
002143893
002143892
002143890
002119533
002143889
002143888
002160507
002143887
002143885
002138498
002138499
002138497
002138496
002138495
002138494
002138493
002138492
002138491
001646083
002138489
002138488
002138484
002147955
002138483
001646078
002138480
002138479
002143883
001636237
002138477
002138478
002138476
004195254
001636236
002138475
002138474
002147982
002138429
002138428
002138427
002138426
002138425
002138424
002138423
002138422
002138421
002138420
002138419
002138417
002138418
001636235
002138416
002138415
002138414
002138413
001636234
002138412
002137082
002138411
002169632
002138410
002138409
002138407
002138408
002138481
002138406
002138405
002138404
002133850
002133863
002138403
002138402
002138401
002138400
002138399
002169151
002138398
002138397
002138396
002143884
002138395
002138482
002138394
002138393
002138392
001636233
002138391
001636232
002138390
004184753
002138389
002138388
001646081
002138387
002138386
002138385
002138384
002138383
002147960
002138382
001636231
002138381
002138380
002138379
002138377
002138378
004185562
002138376
002138375
002138374
002138373
002138372
001650940
002138371
002138370
002138369
002169649
001636229
002138365
002169150
002138363
002138362
002138361
002138360
004191950
002138359
002138358
002138357
002137114
002137113
002156031
002137108
001636228
002137110
002137106
004195229
002137102
002137101
002137104
002137099
001646082
002137089
002137087
002137085
002137083
002137097
002137077
002138366
001636227
002137076
002137074
002143886
002147958
002137072
002137070
002169149
001636230
002137068
002143891
002137061
002137062
002169132
002147959
001636226
002137060
002137058
002137059
002137095
001658322
002137092
002147957
001609249
002137057
002137056
002137055
001636225
002137054
001646080
002137091
002137053
001646079
002137079
002137052
002137051
002138364
002137050
002137049
002137048
002137047
002137046
002160530
002133867
001636223
002133864
002133865
002138367
002147956
002137043
001636224
002133861
002133860
002133859
003956850
004195231
002133857
002133856
002133855
002133854
002133853
002133852
002133851
002133847
002133846
002133844
002133843
002133842
002133841
002156025
001697293
001618144
002133840
001618143
002148007
002133839
002133838
001618142
002133837
001618141
002132174
002132173
001636222
002196573
002132171
002132169
002132170
002156030
002132168
002132166
002132172
002132167
002132175
002132165
002132164
002132163
002132162
002132159
002132161
002132160
002132149
002132148
002132147
002132146
002132145
001618140
002132144
002132143
004185772
002169148
002132139
002132138
002132141
002132140
002132142
001618139
002133845
002137044
002132137
002132136
002132135
001618138
002132134
002156027
002132133
002132132
002132131
002119525
002119546
002119545
002119548
002039166
002119544
002119543
002132130
002156026
002156029
002130237
002119542
001605135
002119541
002119540
002119539
002130236
002129193
002119538
002119537
002119536
002119535
002119534
002119532
002119531
002119530
002130260
001671335
002119529
002119528
002119527
001694851
002130235
002119526
002119524
001607622
002132153
002119523
002119522
002138368
002119521
002119520
002119519
002119518
002119517
002119516
002119515
002119514
001605134
001605133
002130234
002119513
002119512
002130233
001607625
002119511
002119509
002119508
002169147
002119507
002119510
002119506
002119505
002119504
001607623
002164976
002130232
002130231
002137064
002118701
002118700
002132151
002132150
002118699
002118698
002118696
002118697
002118695
001605132
002118694
002130259
002130258
002118689
001607624
002118690
002118688
002118692
002118693
002133849
002118686
002118684
002118685
001605131
002133848
002118683
002118682
002118681
002118687
002118680
002132152
002115118
002130230
001609250
002115116
002115119
002115115
001602677
002115117
002115120
002115114
003956851
001602676
002115113
002115112
002115111
002115121
001602675
002115110
001671334
002115109
002115108
002115107
001681010
001681011
